   10000       2.9600       2.1619       1.7132       3.0112
   20000       4.3317       3.2122       2.4436       3.2248
   30000       7.0205       5.0926       4.0119       5.3198
   40000       9.7376       7.1750       5.5874       7.4723
   50000      12.5624       9.3348       7.1574       9.5915
   60000      14.9011      11.3156       8.5910      11.5514
   70000      17.9523      13.6135      10.1833      13.8225
   80000      25.5977      19.2525      14.4472      19.9145
   90000      30.5140      22.9400      16.8702      23.3374
  100000      35.1304      26.2639      19.4557      26.3687
