   10000       7.5820       6.1233       6.2951       6.9271
   20000      20.8442      17.2689      17.7918      19.3540
   30000      34.1264      28.5420      31.3161      33.2460
   40000      53.7646      46.5319      51.7114      50.9980
   50000      66.1978      58.2583      64.1302      60.8827
   60000      81.8068      70.2096      80.5552      78.5767
   70000     105.0706      93.5119     111.2188     102.1861
   80000     122.8105     110.8351     130.6982     115.9053
   90000     151.4857     131.3346     153.4720     137.6125
  100000     159.2195     139.6630     162.5562     144.8413
